clustering: 28.5939838886261
result01: 34.98427700996399
result02: 47.388468980789185
result03: 62.629642963409424
result04: 75.85571789741516
result05: 90.4941041469574
total: 96.64413690567017
