clustering: 25.10762310028076
result01: 31.252437114715576
result02: 42.26945400238037
result03: 55.66213583946228
result04: 68.37939596176147
result05: 82.5150978565216
total: 88.02846598625183
