clustering: 1.850973129272461
result01: 2.0490000247955322
result02: 11.605094909667969
result03: 14.992952823638916
result04: 18.051487922668457
result05: 21.733607053756714
total: 24.763917922973633
