clustering: 166.4015679359436
result01: 274.96761083602905
result02: 286.1737768650055
result03: 300.0943670272827
result04: 317.63477778434753
result05: 341.1532680988312
total: 352.1167747974396
