clustering: 1.9273488521575928
result01: 2.137686014175415
result02: 12.402041912078857
result03: 16.06222105026245
result04: 19.584661960601807
result05: 24.272820949554443
total: 27.282702207565308
