clustering: 1.4140629768371582
result01: 1.6202681064605713
result02: 11.40163803100586
result03: 15.23103404045105
result04: 19.15431499481201
result05: 23.508608102798462
total: 26.8696870803833
