clustering: 8.774058103561401
result01: 20.586719036102295
result02: 32.11455178260803
result03: 47.66515588760376
result04: 62.27143979072571
result05: 78.64645195007324
total: 83.40983390808105
