clustering: 23.876725912094116
result01: 35.87487006187439
result02: 46.1194748878479
result03: 58.98886513710022
result04: 70.80883407592773
result05: 84.85987710952759
total: 90.12746906280518
