clustering: 24.660449981689453
result01: 36.82184910774231
result02: 47.26465892791748
result03: 60.880743980407715
result04: 73.12090492248535
result05: 88.04041695594788
total: 93.50823998451233
