clustering: 174.89056396484375
result01: 289.4864730834961
result02: 305.3235569000244
result03: 325.1673312187195
result04: 351.3415718078613
result05: 385.1428589820862
total: 402.20784521102905
